1 2 3 4 5 0
-1 -2 0
-1 -3 0
-1 -4 0
-1 -5 0
-2 -3 0
-2 -4 0
-2 -5 0
-3 -4 0
-3 -5 0
-4 -5 0
6 7 8 9 10 0
-6 -7 0
-6 -8 0
-6 -9 0
-6 -10 0
-7 -8 0
-7 -9 0
-7 -10 0
-8 -9 0
-8 -10 0
-9 -10 0
11 12 13 14 15 0
-11 -12 0
-11 -13 0
-11 -14 0
-11 -15 0
-12 -13 0
-12 -14 0
-12 -15 0
-13 -14 0
-13 -15 0
-14 -15 0
16 17 18 19 20 0
-16 -17 0
-16 -18 0
-16 -19 0
-16 -20 0
-17 -18 0
-17 -19 0
-17 -20 0
-18 -19 0
-18 -20 0
-19 -20 0
21 22 23 24 25 0
-21 -22 0
-21 -23 0
-21 -24 0
-21 -25 0
-22 -23 0
-22 -24 0
-22 -25 0
-23 -24 0
-23 -25 0
-24 -25 0
26 27 28 29 30 0
-26 -27 0
-26 -28 0
-26 -29 0
-26 -30 0
-27 -28 0
-27 -29 0
-27 -30 0
-28 -29 0
-28 -30 0
-29 -30 0
31 32 33 34 35 0
-31 -32 0
-31 -33 0
-31 -34 0
-31 -35 0
-32 -33 0
-32 -34 0
-32 -35 0
-33 -34 0
-33 -35 0
-34 -35 0
36 37 38 39 40 0
-36 -37 0
-36 -38 0
-36 -39 0
-36 -40 0
-37 -38 0
-37 -39 0
-37 -40 0
-38 -39 0
-38 -40 0
-39 -40 0
41 42 43 44 45 0
-41 -42 0
-41 -43 0
-41 -44 0
-41 -45 0
-42 -43 0
-42 -44 0
-42 -45 0
-43 -44 0
-43 -45 0
-44 -45 0
46 47 48 49 50 0
-46 -47 0
-46 -48 0
-46 -49 0
-46 -50 0
-47 -48 0
-47 -49 0
-47 -50 0
-48 -49 0
-48 -50 0
-49 -50 0
51 52 53 54 55 0
-51 -52 0
-51 -53 0
-51 -54 0
-51 -55 0
-52 -53 0
-52 -54 0
-52 -55 0
-53 -54 0
-53 -55 0
-54 -55 0
56 57 58 59 60 0
-56 -57 0
-56 -58 0
-56 -59 0
-56 -60 0
-57 -58 0
-57 -59 0
-57 -60 0
-58 -59 0
-58 -60 0
-59 -60 0
61 62 63 64 65 0
-61 -62 0
-61 -63 0
-61 -64 0
-61 -65 0
-62 -63 0
-62 -64 0
-62 -65 0
-63 -64 0
-63 -65 0
-64 -65 0
66 67 68 69 70 0
-66 -67 0
-66 -68 0
-66 -69 0
-66 -70 0
-67 -68 0
-67 -69 0
-67 -70 0
-68 -69 0
-68 -70 0
-69 -70 0
71 72 73 74 75 0
-71 -72 0
-71 -73 0
-71 -74 0
-71 -75 0
-72 -73 0
-72 -74 0
-72 -75 0
-73 -74 0
-73 -75 0
-74 -75 0
76 77 78 79 80 0
-76 -77 0
-76 -78 0
-76 -79 0
-76 -80 0
-77 -78 0
-77 -79 0
-77 -80 0
-78 -79 0
-78 -80 0
-79 -80 0
81 82 83 84 85 0
-81 -82 0
-81 -83 0
-81 -84 0
-81 -85 0
-82 -83 0
-82 -84 0
-82 -85 0
-83 -84 0
-83 -85 0
-84 -85 0
86 87 88 89 90 0
-86 -87 0
-86 -88 0
-86 -89 0
-86 -90 0
-87 -88 0
-87 -89 0
-87 -90 0
-88 -89 0
-88 -90 0
-89 -90 0
91 92 93 94 95 0
-91 -92 0
-91 -93 0
-91 -94 0
-91 -95 0
-92 -93 0
-92 -94 0
-92 -95 0
-93 -94 0
-93 -95 0
-94 -95 0
96 97 98 99 100 0
-96 -97 0
-96 -98 0
-96 -99 0
-96 -100 0
-97 -98 0
-97 -99 0
-97 -100 0
-98 -99 0
-98 -100 0
-99 -100 0
101 102 103 104 105 0
-101 -102 0
-101 -103 0
-101 -104 0
-101 -105 0
-102 -103 0
-102 -104 0
-102 -105 0
-103 -104 0
-103 -105 0
-104 -105 0
106 107 108 109 110 0
-106 -107 0
-106 -108 0
-106 -109 0
-106 -110 0
-107 -108 0
-107 -109 0
-107 -110 0
-108 -109 0
-108 -110 0
-109 -110 0
111 112 113 114 115 0
-111 -112 0
-111 -113 0
-111 -114 0
-111 -115 0
-112 -113 0
-112 -114 0
-112 -115 0
-113 -114 0
-113 -115 0
-114 -115 0
116 117 118 119 120 0
-116 -117 0
-116 -118 0
-116 -119 0
-116 -120 0
-117 -118 0
-117 -119 0
-117 -120 0
-118 -119 0
-118 -120 0
-119 -120 0
121 122 123 124 125 0
-121 -122 0
-121 -123 0
-121 -124 0
-121 -125 0
-122 -123 0
-122 -124 0
-122 -125 0
-123 -124 0
-123 -125 0
-124 -125 0
126 127 128 129 130 0
-126 -127 0
-126 -128 0
-126 -129 0
-126 -130 0
-127 -128 0
-127 -129 0
-127 -130 0
-128 -129 0
-128 -130 0
-129 -130 0
131 132 133 134 135 0
-131 -132 0
-131 -133 0
-131 -134 0
-131 -135 0
-132 -133 0
-132 -134 0
-132 -135 0
-133 -134 0
-133 -135 0
-134 -135 0
136 137 138 139 140 0
-136 -137 0
-136 -138 0
-136 -139 0
-136 -140 0
-137 -138 0
-137 -139 0
-137 -140 0
-138 -139 0
-138 -140 0
-139 -140 0
141 142 143 144 145 0
-141 -142 0
-141 -143 0
-141 -144 0
-141 -145 0
-142 -143 0
-142 -144 0
-142 -145 0
-143 -144 0
-143 -145 0
-144 -145 0
146 147 148 149 150 0
-146 -147 0
-146 -148 0
-146 -149 0
-146 -150 0
-147 -148 0
-147 -149 0
-147 -150 0
-148 -149 0
-148 -150 0
-149 -150 0
151 152 153 154 155 0
-151 -152 0
-151 -153 0
-151 -154 0
-151 -155 0
-152 -153 0
-152 -154 0
-152 -155 0
-153 -154 0
-153 -155 0
-154 -155 0
156 157 158 159 160 0
-156 -157 0
-156 -158 0
-156 -159 0
-156 -160 0
-157 -158 0
-157 -159 0
-157 -160 0
-158 -159 0
-158 -160 0
-159 -160 0
161 162 163 164 165 0
-161 -162 0
-161 -163 0
-161 -164 0
-161 -165 0
-162 -163 0
-162 -164 0
-162 -165 0
-163 -164 0
-163 -165 0
-164 -165 0
166 167 168 169 170 0
-166 -167 0
-166 -168 0
-166 -169 0
-166 -170 0
-167 -168 0
-167 -169 0
-167 -170 0
-168 -169 0
-168 -170 0
-169 -170 0
171 172 173 174 175 0
-171 -172 0
-171 -173 0
-171 -174 0
-171 -175 0
-172 -173 0
-172 -174 0
-172 -175 0
-173 -174 0
-173 -175 0
-174 -175 0
1 36 71 106 141 0
-1 -36 0
-1 -71 0
-1 -106 0
-1 -141 0
-36 -71 0
-36 -106 0
-36 -141 0
-71 -106 0
-71 -141 0
-106 -141 0
6 41 76 111 146 0
-6 -41 0
-6 -76 0
-6 -111 0
-6 -146 0
-41 -76 0
-41 -111 0
-41 -146 0
-76 -111 0
-76 -146 0
-111 -146 0
11 46 81 116 151 0
-11 -46 0
-11 -81 0
-11 -116 0
-11 -151 0
-46 -81 0
-46 -116 0
-46 -151 0
-81 -116 0
-81 -151 0
-116 -151 0
16 51 86 121 156 0
-16 -51 0
-16 -86 0
-16 -121 0
-16 -156 0
-51 -86 0
-51 -121 0
-51 -156 0
-86 -121 0
-86 -156 0
-121 -156 0
21 56 91 126 161 0
-21 -56 0
-21 -91 0
-21 -126 0
-21 -161 0
-56 -91 0
-56 -126 0
-56 -161 0
-91 -126 0
-91 -161 0
-126 -161 0
26 61 96 131 166 0
-26 -61 0
-26 -96 0
-26 -131 0
-26 -166 0
-61 -96 0
-61 -131 0
-61 -166 0
-96 -131 0
-96 -166 0
-131 -166 0
31 66 101 136 171 0
-31 -66 0
-31 -101 0
-31 -136 0
-31 -171 0
-66 -101 0
-66 -136 0
-66 -171 0
-101 -136 0
-101 -171 0
-136 -171 0
2 37 72 107 142 0
-2 -37 0
-2 -72 0
-2 -107 0
-2 -142 0
-37 -72 0
-37 -107 0
-37 -142 0
-72 -107 0
-72 -142 0
-107 -142 0
7 42 77 112 147 0
-7 -42 0
-7 -77 0
-7 -112 0
-7 -147 0
-42 -77 0
-42 -112 0
-42 -147 0
-77 -112 0
-77 -147 0
-112 -147 0
12 47 82 117 152 0
-12 -47 0
-12 -82 0
-12 -117 0
-12 -152 0
-47 -82 0
-47 -117 0
-47 -152 0
-82 -117 0
-82 -152 0
-117 -152 0
17 52 87 122 157 0
-17 -52 0
-17 -87 0
-17 -122 0
-17 -157 0
-52 -87 0
-52 -122 0
-52 -157 0
-87 -122 0
-87 -157 0
-122 -157 0
22 57 92 127 162 0
-22 -57 0
-22 -92 0
-22 -127 0
-22 -162 0
-57 -92 0
-57 -127 0
-57 -162 0
-92 -127 0
-92 -162 0
-127 -162 0
27 62 97 132 167 0
-27 -62 0
-27 -97 0
-27 -132 0
-27 -167 0
-62 -97 0
-62 -132 0
-62 -167 0
-97 -132 0
-97 -167 0
-132 -167 0
32 67 102 137 172 0
-32 -67 0
-32 -102 0
-32 -137 0
-32 -172 0
-67 -102 0
-67 -137 0
-67 -172 0
-102 -137 0
-102 -172 0
-137 -172 0
3 38 73 108 143 0
-3 -38 0
-3 -73 0
-3 -108 0
-3 -143 0
-38 -73 0
-38 -108 0
-38 -143 0
-73 -108 0
-73 -143 0
-108 -143 0
8 43 78 113 148 0
-8 -43 0
-8 -78 0
-8 -113 0
-8 -148 0
-43 -78 0
-43 -113 0
-43 -148 0
-78 -113 0
-78 -148 0
-113 -148 0
13 48 83 118 153 0
-13 -48 0
-13 -83 0
-13 -118 0
-13 -153 0
-48 -83 0
-48 -118 0
-48 -153 0
-83 -118 0
-83 -153 0
-118 -153 0
18 53 88 123 158 0
-18 -53 0
-18 -88 0
-18 -123 0
-18 -158 0
-53 -88 0
-53 -123 0
-53 -158 0
-88 -123 0
-88 -158 0
-123 -158 0
23 58 93 128 163 0
-23 -58 0
-23 -93 0
-23 -128 0
-23 -163 0
-58 -93 0
-58 -128 0
-58 -163 0
-93 -128 0
-93 -163 0
-128 -163 0
28 63 98 133 168 0
-28 -63 0
-28 -98 0
-28 -133 0
-28 -168 0
-63 -98 0
-63 -133 0
-63 -168 0
-98 -133 0
-98 -168 0
-133 -168 0
33 68 103 138 173 0
-33 -68 0
-33 -103 0
-33 -138 0
-33 -173 0
-68 -103 0
-68 -138 0
-68 -173 0
-103 -138 0
-103 -173 0
-138 -173 0
4 39 74 109 144 0
-4 -39 0
-4 -74 0
-4 -109 0
-4 -144 0
-39 -74 0
-39 -109 0
-39 -144 0
-74 -109 0
-74 -144 0
-109 -144 0
9 44 79 114 149 0
-9 -44 0
-9 -79 0
-9 -114 0
-9 -149 0
-44 -79 0
-44 -114 0
-44 -149 0
-79 -114 0
-79 -149 0
-114 -149 0
14 49 84 119 154 0
-14 -49 0
-14 -84 0
-14 -119 0
-14 -154 0
-49 -84 0
-49 -119 0
-49 -154 0
-84 -119 0
-84 -154 0
-119 -154 0
19 54 89 124 159 0
-19 -54 0
-19 -89 0
-19 -124 0
-19 -159 0
-54 -89 0
-54 -124 0
-54 -159 0
-89 -124 0
-89 -159 0
-124 -159 0
24 59 94 129 164 0
-24 -59 0
-24 -94 0
-24 -129 0
-24 -164 0
-59 -94 0
-59 -129 0
-59 -164 0
-94 -129 0
-94 -164 0
-129 -164 0
29 64 99 134 169 0
-29 -64 0
-29 -99 0
-29 -134 0
-29 -169 0
-64 -99 0
-64 -134 0
-64 -169 0
-99 -134 0
-99 -169 0
-134 -169 0
34 69 104 139 174 0
-34 -69 0
-34 -104 0
-34 -139 0
-34 -174 0
-69 -104 0
-69 -139 0
-69 -174 0
-104 -139 0
-104 -174 0
-139 -174 0
5 40 75 110 145 0
-5 -40 0
-5 -75 0
-5 -110 0
-5 -145 0
-40 -75 0
-40 -110 0
-40 -145 0
-75 -110 0
-75 -145 0
-110 -145 0
10 45 80 115 150 0
-10 -45 0
-10 -80 0
-10 -115 0
-10 -150 0
-45 -80 0
-45 -115 0
-45 -150 0
-80 -115 0
-80 -150 0
-115 -150 0
15 50 85 120 155 0
-15 -50 0
-15 -85 0
-15 -120 0
-15 -155 0
-50 -85 0
-50 -120 0
-50 -155 0
-85 -120 0
-85 -155 0
-120 -155 0
20 55 90 125 160 0
-20 -55 0
-20 -90 0
-20 -125 0
-20 -160 0
-55 -90 0
-55 -125 0
-55 -160 0
-90 -125 0
-90 -160 0
-125 -160 0
25 60 95 130 165 0
-25 -60 0
-25 -95 0
-25 -130 0
-25 -165 0
-60 -95 0
-60 -130 0
-60 -165 0
-95 -130 0
-95 -165 0
-130 -165 0
30 65 100 135 170 0
-30 -65 0
-30 -100 0
-30 -135 0
-30 -170 0
-65 -100 0
-65 -135 0
-65 -170 0
-100 -135 0
-100 -170 0
-135 -170 0
35 70 105 140 175 0
-35 -70 0
-35 -105 0
-35 -140 0
-35 -175 0
-70 -105 0
-70 -140 0
-70 -175 0
-105 -140 0
-105 -175 0
-140 -175 0
-1 -6 0
-36 -41 0
-71 -76 0
-106 -111 0
-141 -146 0
-2 -7 0
-37 -42 0
-72 -77 0
-107 -112 0
-142 -147 0
-3 -8 0
-38 -43 0
-73 -78 0
-108 -113 0
-143 -148 0
-4 -9 0
-39 -44 0
-74 -79 0
-109 -114 0
-144 -149 0
-5 -10 0
-40 -45 0
-75 -80 0
-110 -115 0
-145 -150 0
-6 -11 0
-41 -46 0
-76 -81 0
-111 -116 0
-146 -151 0
-7 -12 0
-42 -47 0
-77 -82 0
-112 -117 0
-147 -152 0
-8 -13 0
-43 -48 0
-78 -83 0
-113 -118 0
-148 -153 0
-9 -14 0
-44 -49 0
-79 -84 0
-114 -119 0
-149 -154 0
-10 -15 0
-45 -50 0
-80 -85 0
-115 -120 0
-150 -155 0
-11 -16 0
-46 -51 0
-81 -86 0
-116 -121 0
-151 -156 0
-12 -17 0
-47 -52 0
-82 -87 0
-117 -122 0
-152 -157 0
-13 -18 0
-48 -53 0
-83 -88 0
-118 -123 0
-153 -158 0
-14 -19 0
-49 -54 0
-84 -89 0
-119 -124 0
-154 -159 0
-15 -20 0
-50 -55 0
-85 -90 0
-120 -125 0
-155 -160 0
-16 -21 0
-51 -56 0
-86 -91 0
-121 -126 0
-156 -161 0
-17 -22 0
-52 -57 0
-87 -92 0
-122 -127 0
-157 -162 0
-18 -23 0
-53 -58 0
-88 -93 0
-123 -128 0
-158 -163 0
-19 -24 0
-54 -59 0
-89 -94 0
-124 -129 0
-159 -164 0
-20 -25 0
-55 -60 0
-90 -95 0
-125 -130 0
-160 -165 0
-21 -26 0
-56 -61 0
-91 -96 0
-126 -131 0
-161 -166 0
-22 -27 0
-57 -62 0
-92 -97 0
-127 -132 0
-162 -167 0
-23 -28 0
-58 -63 0
-93 -98 0
-128 -133 0
-163 -168 0
-24 -29 0
-59 -64 0
-94 -99 0
-129 -134 0
-164 -169 0
-25 -30 0
-60 -65 0
-95 -100 0
-130 -135 0
-165 -170 0
-26 -31 0
-61 -66 0
-96 -101 0
-131 -136 0
-166 -171 0
-27 -32 0
-62 -67 0
-97 -102 0
-132 -137 0
-167 -172 0
-28 -33 0
-63 -68 0
-98 -103 0
-133 -138 0
-168 -173 0
-29 -34 0
-64 -69 0
-99 -104 0
-134 -139 0
-169 -174 0
-30 -35 0
-65 -70 0
-100 -105 0
-135 -140 0
-170 -175 0
-1 -41 -11 0
-1 -41 -116 0
-1 -111 -46 0
-1 -111 -81 0
-36 -6 -46 0
-36 -6 -116 0
-36 -111 -11 0
-36 -111 -46 0
-36 -111 -81 0
-71 -111 -11 0
-71 -111 -46 0
-71 -111 -81 0
-106 -6 -46 0
-106 -41 -11 0
-106 -41 -116 0
-106 -76 -116 0
-2 -42 -12 0
-2 -42 -117 0
-2 -112 -47 0
-2 -112 -82 0
-37 -7 -47 0
-37 -7 -117 0
-37 -112 -12 0
-37 -112 -47 0
-37 -112 -82 0
-72 -112 -12 0
-72 -112 -47 0
-72 -112 -82 0
-107 -7 -47 0
-107 -42 -12 0
-107 -42 -117 0
-107 -77 -117 0
-3 -43 -13 0
-3 -43 -118 0
-3 -113 -48 0
-3 -113 -83 0
-38 -8 -48 0
-38 -8 -118 0
-38 -113 -13 0
-38 -113 -48 0
-38 -113 -83 0
-73 -113 -13 0
-73 -113 -48 0
-73 -113 -83 0
-108 -8 -48 0
-108 -43 -13 0
-108 -43 -118 0
-108 -78 -118 0
-4 -44 -14 0
-4 -44 -119 0
-4 -114 -49 0
-4 -114 -84 0
-39 -9 -49 0
-39 -9 -119 0
-39 -114 -14 0
-39 -114 -49 0
-39 -114 -84 0
-74 -114 -14 0
-74 -114 -49 0
-74 -114 -84 0
-109 -9 -49 0
-109 -44 -14 0
-109 -44 -119 0
-109 -79 -119 0
-5 -45 -15 0
-5 -45 -120 0
-5 -115 -50 0
-5 -115 -85 0
-40 -10 -50 0
-40 -10 -120 0
-40 -115 -15 0
-40 -115 -50 0
-40 -115 -85 0
-75 -115 -15 0
-75 -115 -50 0
-75 -115 -85 0
-110 -10 -50 0
-110 -45 -15 0
-110 -45 -120 0
-110 -80 -120 0
-6 -46 -16 0
-6 -46 -121 0
-6 -116 -51 0
-6 -116 -86 0
-41 -11 -51 0
-41 -11 -121 0
-41 -116 -16 0
-41 -116 -51 0
-41 -116 -86 0
-76 -116 -16 0
-76 -116 -51 0
-76 -116 -86 0
-111 -11 -51 0
-111 -46 -16 0
-111 -46 -121 0
-111 -81 -121 0
-7 -47 -17 0
-7 -47 -122 0
-7 -117 -52 0
-7 -117 -87 0
-42 -12 -52 0
-42 -12 -122 0
-42 -117 -17 0
-42 -117 -52 0
-42 -117 -87 0
-77 -117 -17 0
-77 -117 -52 0
-77 -117 -87 0
-112 -12 -52 0
-112 -47 -17 0
-112 -47 -122 0
-112 -82 -122 0
-8 -48 -18 0
-8 -48 -123 0
-8 -118 -53 0
-8 -118 -88 0
-43 -13 -53 0
-43 -13 -123 0
-43 -118 -18 0
-43 -118 -53 0
-43 -118 -88 0
-78 -118 -18 0
-78 -118 -53 0
-78 -118 -88 0
-113 -13 -53 0
-113 -48 -18 0
-113 -48 -123 0
-113 -83 -123 0
-9 -49 -19 0
-9 -49 -124 0
-9 -119 -54 0
-9 -119 -89 0
-44 -14 -54 0
-44 -14 -124 0
-44 -119 -19 0
-44 -119 -54 0
-44 -119 -89 0
-79 -119 -19 0
-79 -119 -54 0
-79 -119 -89 0
-114 -14 -54 0
-114 -49 -19 0
-114 -49 -124 0
-114 -84 -124 0
-10 -50 -20 0
-10 -50 -125 0
-10 -120 -55 0
-10 -120 -90 0
-45 -15 -55 0
-45 -15 -125 0
-45 -120 -20 0
-45 -120 -55 0
-45 -120 -90 0
-80 -120 -20 0
-80 -120 -55 0
-80 -120 -90 0
-115 -15 -55 0
-115 -50 -20 0
-115 -50 -125 0
-115 -85 -125 0
-11 -51 -21 0
-11 -51 -126 0
-11 -121 -56 0
-11 -121 -91 0
-46 -16 -56 0
-46 -16 -126 0
-46 -121 -21 0
-46 -121 -56 0
-46 -121 -91 0
-81 -121 -21 0
-81 -121 -56 0
-81 -121 -91 0
-116 -16 -56 0
-116 -51 -21 0
-116 -51 -126 0
-116 -86 -126 0
-12 -52 -22 0
-12 -52 -127 0
-12 -122 -57 0
-12 -122 -92 0
-47 -17 -57 0
-47 -17 -127 0
-47 -122 -22 0
-47 -122 -57 0
-47 -122 -92 0
-82 -122 -22 0
-82 -122 -57 0
-82 -122 -92 0
-117 -17 -57 0
-117 -52 -22 0
-117 -52 -127 0
-117 -87 -127 0
-13 -53 -23 0
-13 -53 -128 0
-13 -123 -58 0
-13 -123 -93 0
-48 -18 -58 0
-48 -18 -128 0
-48 -123 -23 0
-48 -123 -58 0
-48 -123 -93 0
-83 -123 -23 0
-83 -123 -58 0
-83 -123 -93 0
-118 -18 -58 0
-118 -53 -23 0
-118 -53 -128 0
-118 -88 -128 0
-14 -54 -24 0
-14 -54 -129 0
-14 -124 -59 0
-14 -124 -94 0
-49 -19 -59 0
-49 -19 -129 0
-49 -124 -24 0
-49 -124 -59 0
-49 -124 -94 0
-84 -124 -24 0
-84 -124 -59 0
-84 -124 -94 0
-119 -19 -59 0
-119 -54 -24 0
-119 -54 -129 0
-119 -89 -129 0
-15 -55 -25 0
-15 -55 -130 0
-15 -125 -60 0
-15 -125 -95 0
-50 -20 -60 0
-50 -20 -130 0
-50 -125 -25 0
-50 -125 -60 0
-50 -125 -95 0
-85 -125 -25 0
-85 -125 -60 0
-85 -125 -95 0
-120 -20 -60 0
-120 -55 -25 0
-120 -55 -130 0
-120 -90 -130 0
-16 -56 -26 0
-16 -56 -131 0
-16 -126 -61 0
-16 -126 -96 0
-51 -21 -61 0
-51 -21 -131 0
-51 -126 -26 0
-51 -126 -61 0
-51 -126 -96 0
-86 -126 -26 0
-86 -126 -61 0
-86 -126 -96 0
-121 -21 -61 0
-121 -56 -26 0
-121 -56 -131 0
-121 -91 -131 0
-17 -57 -27 0
-17 -57 -132 0
-17 -127 -62 0
-17 -127 -97 0
-52 -22 -62 0
-52 -22 -132 0
-52 -127 -27 0
-52 -127 -62 0
-52 -127 -97 0
-87 -127 -27 0
-87 -127 -62 0
-87 -127 -97 0
-122 -22 -62 0
-122 -57 -27 0
-122 -57 -132 0
-122 -92 -132 0
-18 -58 -28 0
-18 -58 -133 0
-18 -128 -63 0
-18 -128 -98 0
-53 -23 -63 0
-53 -23 -133 0
-53 -128 -28 0
-53 -128 -63 0
-53 -128 -98 0
-88 -128 -28 0
-88 -128 -63 0
-88 -128 -98 0
-123 -23 -63 0
-123 -58 -28 0
-123 -58 -133 0
-123 -93 -133 0
-19 -59 -29 0
-19 -59 -134 0
-19 -129 -64 0
-19 -129 -99 0
-54 -24 -64 0
-54 -24 -134 0
-54 -129 -29 0
-54 -129 -64 0
-54 -129 -99 0
-89 -129 -29 0
-89 -129 -64 0
-89 -129 -99 0
-124 -24 -64 0
-124 -59 -29 0
-124 -59 -134 0
-124 -94 -134 0
-20 -60 -30 0
-20 -60 -135 0
-20 -130 -65 0
-20 -130 -100 0
-55 -25 -65 0
-55 -25 -135 0
-55 -130 -30 0
-55 -130 -65 0
-55 -130 -100 0
-90 -130 -30 0
-90 -130 -65 0
-90 -130 -100 0
-125 -25 -65 0
-125 -60 -30 0
-125 -60 -135 0
-125 -95 -135 0
-21 -61 -31 0
-21 -61 -136 0
-21 -131 -66 0
-21 -131 -101 0
-56 -26 -66 0
-56 -26 -136 0
-56 -131 -31 0
-56 -131 -66 0
-56 -131 -101 0
-91 -131 -31 0
-91 -131 -66 0
-91 -131 -101 0
-126 -26 -66 0
-126 -61 -31 0
-126 -61 -136 0
-126 -96 -136 0
-22 -62 -32 0
-22 -62 -137 0
-22 -132 -67 0
-22 -132 -102 0
-57 -27 -67 0
-57 -27 -137 0
-57 -132 -32 0
-57 -132 -67 0
-57 -132 -102 0
-92 -132 -32 0
-92 -132 -67 0
-92 -132 -102 0
-127 -27 -67 0
-127 -62 -32 0
-127 -62 -137 0
-127 -97 -137 0
-23 -63 -33 0
-23 -63 -138 0
-23 -133 -68 0
-23 -133 -103 0
-58 -28 -68 0
-58 -28 -138 0
-58 -133 -33 0
-58 -133 -68 0
-58 -133 -103 0
-93 -133 -33 0
-93 -133 -68 0
-93 -133 -103 0
-128 -28 -68 0
-128 -63 -33 0
-128 -63 -138 0
-128 -98 -138 0
-24 -64 -34 0
-24 -64 -139 0
-24 -134 -69 0
-24 -134 -104 0
-59 -29 -69 0
-59 -29 -139 0
-59 -134 -34 0
-59 -134 -69 0
-59 -134 -104 0
-94 -134 -34 0
-94 -134 -69 0
-94 -134 -104 0
-129 -29 -69 0
-129 -64 -34 0
-129 -64 -139 0
-129 -99 -139 0
-25 -65 -35 0
-25 -65 -140 0
-25 -135 -70 0
-25 -135 -105 0
-60 -30 -70 0
-60 -30 -140 0
-60 -135 -35 0
-60 -135 -70 0
-60 -135 -105 0
-95 -135 -35 0
-95 -135 -70 0
-95 -135 -105 0
-130 -30 -70 0
-130 -65 -35 0
-130 -65 -140 0
-130 -100 -140 0
-1 41 -176 0
-1 76 -177 0
-1 111 -178 0
-1 146 -179 0
-36 6 -180 0
-36 76 -181 0
-36 111 -182 0
-36 146 -183 0
-71 6 -184 0
-71 41 -185 0
-71 111 -186 0
-71 146 -187 0
-106 6 -188 0
-106 41 -189 0
-106 76 -190 0
-106 146 -191 0
-141 6 -192 0
-141 41 -193 0
-141 76 -194 0
-141 111 -195 0
-2 42 -176 0
-2 77 -177 0
-2 112 -178 0
-2 147 -179 0
-37 7 -180 0
-37 77 -181 0
-37 112 -182 0
-37 147 -183 0
-72 7 -184 0
-72 42 -185 0
-72 112 -186 0
-72 147 -187 0
-107 7 -188 0
-107 42 -189 0
-107 77 -190 0
-107 147 -191 0
-142 7 -192 0
-142 42 -193 0
-142 77 -194 0
-142 112 -195 0
-3 43 -176 0
-3 78 -177 0
-3 113 -178 0
-3 148 -179 0
-38 8 -180 0
-38 78 -181 0
-38 113 -182 0
-38 148 -183 0
-73 8 -184 0
-73 43 -185 0
-73 113 -186 0
-73 148 -187 0
-108 8 -188 0
-108 43 -189 0
-108 78 -190 0
-108 148 -191 0
-143 8 -192 0
-143 43 -193 0
-143 78 -194 0
-143 113 -195 0
-4 44 -176 0
-4 79 -177 0
-4 114 -178 0
-4 149 -179 0
-39 9 -180 0
-39 79 -181 0
-39 114 -182 0
-39 149 -183 0
-74 9 -184 0
-74 44 -185 0
-74 114 -186 0
-74 149 -187 0
-109 9 -188 0
-109 44 -189 0
-109 79 -190 0
-109 149 -191 0
-144 9 -192 0
-144 44 -193 0
-144 79 -194 0
-144 114 -195 0
-5 45 -176 0
-5 80 -177 0
-5 115 -178 0
-5 150 -179 0
-40 10 -180 0
-40 80 -181 0
-40 115 -182 0
-40 150 -183 0
-75 10 -184 0
-75 45 -185 0
-75 115 -186 0
-75 150 -187 0
-110 10 -188 0
-110 45 -189 0
-110 80 -190 0
-110 150 -191 0
-145 10 -192 0
-145 45 -193 0
-145 80 -194 0
-145 115 -195 0
-6 46 -196 0
-6 81 -197 0
-6 116 -198 0
-6 151 -199 0
-41 11 -200 0
-41 81 -201 0
-41 116 -202 0
-41 151 -203 0
-76 11 -204 0
-76 46 -205 0
-76 116 -206 0
-76 151 -207 0
-111 11 -208 0
-111 46 -209 0
-111 81 -210 0
-111 151 -211 0
-146 11 -212 0
-146 46 -213 0
-146 81 -214 0
-146 116 -215 0
-7 47 -196 0
-7 82 -197 0
-7 117 -198 0
-7 152 -199 0
-42 12 -200 0
-42 82 -201 0
-42 117 -202 0
-42 152 -203 0
-77 12 -204 0
-77 47 -205 0
-77 117 -206 0
-77 152 -207 0
-112 12 -208 0
-112 47 -209 0
-112 82 -210 0
-112 152 -211 0
-147 12 -212 0
-147 47 -213 0
-147 82 -214 0
-147 117 -215 0
-8 48 -196 0
-8 83 -197 0
-8 118 -198 0
-8 153 -199 0
-43 13 -200 0
-43 83 -201 0
-43 118 -202 0
-43 153 -203 0
-78 13 -204 0
-78 48 -205 0
-78 118 -206 0
-78 153 -207 0
-113 13 -208 0
-113 48 -209 0
-113 83 -210 0
-113 153 -211 0
-148 13 -212 0
-148 48 -213 0
-148 83 -214 0
-148 118 -215 0
-9 49 -196 0
-9 84 -197 0
-9 119 -198 0
-9 154 -199 0
-44 14 -200 0
-44 84 -201 0
-44 119 -202 0
-44 154 -203 0
-79 14 -204 0
-79 49 -205 0
-79 119 -206 0
-79 154 -207 0
-114 14 -208 0
-114 49 -209 0
-114 84 -210 0
-114 154 -211 0
-149 14 -212 0
-149 49 -213 0
-149 84 -214 0
-149 119 -215 0
-10 50 -196 0
-10 85 -197 0
-10 120 -198 0
-10 155 -199 0
-45 15 -200 0
-45 85 -201 0
-45 120 -202 0
-45 155 -203 0
-80 15 -204 0
-80 50 -205 0
-80 120 -206 0
-80 155 -207 0
-115 15 -208 0
-115 50 -209 0
-115 85 -210 0
-115 155 -211 0
-150 15 -212 0
-150 50 -213 0
-150 85 -214 0
-150 120 -215 0
-11 51 -216 0
-11 86 -217 0
-11 121 -218 0
-11 156 -219 0
-46 16 -220 0
-46 86 -221 0
-46 121 -222 0
-46 156 -223 0
-81 16 -224 0
-81 51 -225 0
-81 121 -226 0
-81 156 -227 0
-116 16 -228 0
-116 51 -229 0
-116 86 -230 0
-116 156 -231 0
-151 16 -232 0
-151 51 -233 0
-151 86 -234 0
-151 121 -235 0
-12 52 -216 0
-12 87 -217 0
-12 122 -218 0
-12 157 -219 0
-47 17 -220 0
-47 87 -221 0
-47 122 -222 0
-47 157 -223 0
-82 17 -224 0
-82 52 -225 0
-82 122 -226 0
-82 157 -227 0
-117 17 -228 0
-117 52 -229 0
-117 87 -230 0
-117 157 -231 0
-152 17 -232 0
-152 52 -233 0
-152 87 -234 0
-152 122 -235 0
-13 53 -216 0
-13 88 -217 0
-13 123 -218 0
-13 158 -219 0
-48 18 -220 0
-48 88 -221 0
-48 123 -222 0
-48 158 -223 0
-83 18 -224 0
-83 53 -225 0
-83 123 -226 0
-83 158 -227 0
-118 18 -228 0
-118 53 -229 0
-118 88 -230 0
-118 158 -231 0
-153 18 -232 0
-153 53 -233 0
-153 88 -234 0
-153 123 -235 0
-14 54 -216 0
-14 89 -217 0
-14 124 -218 0
-14 159 -219 0
-49 19 -220 0
-49 89 -221 0
-49 124 -222 0
-49 159 -223 0
-84 19 -224 0
-84 54 -225 0
-84 124 -226 0
-84 159 -227 0
-119 19 -228 0
-119 54 -229 0
-119 89 -230 0
-119 159 -231 0
-154 19 -232 0
-154 54 -233 0
-154 89 -234 0
-154 124 -235 0
-15 55 -216 0
-15 90 -217 0
-15 125 -218 0
-15 160 -219 0
-50 20 -220 0
-50 90 -221 0
-50 125 -222 0
-50 160 -223 0
-85 20 -224 0
-85 55 -225 0
-85 125 -226 0
-85 160 -227 0
-120 20 -228 0
-120 55 -229 0
-120 90 -230 0
-120 160 -231 0
-155 20 -232 0
-155 55 -233 0
-155 90 -234 0
-155 125 -235 0
-16 56 -236 0
-16 91 -237 0
-16 126 -238 0
-16 161 -239 0
-51 21 -240 0
-51 91 -241 0
-51 126 -242 0
-51 161 -243 0
-86 21 -244 0
-86 56 -245 0
-86 126 -246 0
-86 161 -247 0
-121 21 -248 0
-121 56 -249 0
-121 91 -250 0
-121 161 -251 0
-156 21 -252 0
-156 56 -253 0
-156 91 -254 0
-156 126 -255 0
-17 57 -236 0
-17 92 -237 0
-17 127 -238 0
-17 162 -239 0
-52 22 -240 0
-52 92 -241 0
-52 127 -242 0
-52 162 -243 0
-87 22 -244 0
-87 57 -245 0
-87 127 -246 0
-87 162 -247 0
-122 22 -248 0
-122 57 -249 0
-122 92 -250 0
-122 162 -251 0
-157 22 -252 0
-157 57 -253 0
-157 92 -254 0
-157 127 -255 0
-18 58 -236 0
-18 93 -237 0
-18 128 -238 0
-18 163 -239 0
-53 23 -240 0
-53 93 -241 0
-53 128 -242 0
-53 163 -243 0
-88 23 -244 0
-88 58 -245 0
-88 128 -246 0
-88 163 -247 0
-123 23 -248 0
-123 58 -249 0
-123 93 -250 0
-123 163 -251 0
-158 23 -252 0
-158 58 -253 0
-158 93 -254 0
-158 128 -255 0
-19 59 -236 0
-19 94 -237 0
-19 129 -238 0
-19 164 -239 0
-54 24 -240 0
-54 94 -241 0
-54 129 -242 0
-54 164 -243 0
-89 24 -244 0
-89 59 -245 0
-89 129 -246 0
-89 164 -247 0
-124 24 -248 0
-124 59 -249 0
-124 94 -250 0
-124 164 -251 0
-159 24 -252 0
-159 59 -253 0
-159 94 -254 0
-159 129 -255 0
-20 60 -236 0
-20 95 -237 0
-20 130 -238 0
-20 165 -239 0
-55 25 -240 0
-55 95 -241 0
-55 130 -242 0
-55 165 -243 0
-90 25 -244 0
-90 60 -245 0
-90 130 -246 0
-90 165 -247 0
-125 25 -248 0
-125 60 -249 0
-125 95 -250 0
-125 165 -251 0
-160 25 -252 0
-160 60 -253 0
-160 95 -254 0
-160 130 -255 0
-21 61 -256 0
-21 96 -257 0
-21 131 -258 0
-21 166 -259 0
-56 26 -260 0
-56 96 -261 0
-56 131 -262 0
-56 166 -263 0
-91 26 -264 0
-91 61 -265 0
-91 131 -266 0
-91 166 -267 0
-126 26 -268 0
-126 61 -269 0
-126 96 -270 0
-126 166 -271 0
-161 26 -272 0
-161 61 -273 0
-161 96 -274 0
-161 131 -275 0
-22 62 -256 0
-22 97 -257 0
-22 132 -258 0
-22 167 -259 0
-57 27 -260 0
-57 97 -261 0
-57 132 -262 0
-57 167 -263 0
-92 27 -264 0
-92 62 -265 0
-92 132 -266 0
-92 167 -267 0
-127 27 -268 0
-127 62 -269 0
-127 97 -270 0
-127 167 -271 0
-162 27 -272 0
-162 62 -273 0
-162 97 -274 0
-162 132 -275 0
-23 63 -256 0
-23 98 -257 0
-23 133 -258 0
-23 168 -259 0
-58 28 -260 0
-58 98 -261 0
-58 133 -262 0
-58 168 -263 0
-93 28 -264 0
-93 63 -265 0
-93 133 -266 0
-93 168 -267 0
-128 28 -268 0
-128 63 -269 0
-128 98 -270 0
-128 168 -271 0
-163 28 -272 0
-163 63 -273 0
-163 98 -274 0
-163 133 -275 0
-24 64 -256 0
-24 99 -257 0
-24 134 -258 0
-24 169 -259 0
-59 29 -260 0
-59 99 -261 0
-59 134 -262 0
-59 169 -263 0
-94 29 -264 0
-94 64 -265 0
-94 134 -266 0
-94 169 -267 0
-129 29 -268 0
-129 64 -269 0
-129 99 -270 0
-129 169 -271 0
-164 29 -272 0
-164 64 -273 0
-164 99 -274 0
-164 134 -275 0
-25 65 -256 0
-25 100 -257 0
-25 135 -258 0
-25 170 -259 0
-60 30 -260 0
-60 100 -261 0
-60 135 -262 0
-60 170 -263 0
-95 30 -264 0
-95 65 -265 0
-95 135 -266 0
-95 170 -267 0
-130 30 -268 0
-130 65 -269 0
-130 100 -270 0
-130 170 -271 0
-165 30 -272 0
-165 65 -273 0
-165 100 -274 0
-165 135 -275 0
-26 66 -276 0
-26 101 -277 0
-26 136 -278 0
-26 171 -279 0
-61 31 -280 0
-61 101 -281 0
-61 136 -282 0
-61 171 -283 0
-96 31 -284 0
-96 66 -285 0
-96 136 -286 0
-96 171 -287 0
-131 31 -288 0
-131 66 -289 0
-131 101 -290 0
-131 171 -291 0
-166 31 -292 0
-166 66 -293 0
-166 101 -294 0
-166 136 -295 0
-27 67 -276 0
-27 102 -277 0
-27 137 -278 0
-27 172 -279 0
-62 32 -280 0
-62 102 -281 0
-62 137 -282 0
-62 172 -283 0
-97 32 -284 0
-97 67 -285 0
-97 137 -286 0
-97 172 -287 0
-132 32 -288 0
-132 67 -289 0
-132 102 -290 0
-132 172 -291 0
-167 32 -292 0
-167 67 -293 0
-167 102 -294 0
-167 137 -295 0
-28 68 -276 0
-28 103 -277 0
-28 138 -278 0
-28 173 -279 0
-63 33 -280 0
-63 103 -281 0
-63 138 -282 0
-63 173 -283 0
-98 33 -284 0
-98 68 -285 0
-98 138 -286 0
-98 173 -287 0
-133 33 -288 0
-133 68 -289 0
-133 103 -290 0
-133 173 -291 0
-168 33 -292 0
-168 68 -293 0
-168 103 -294 0
-168 138 -295 0
-29 69 -276 0
-29 104 -277 0
-29 139 -278 0
-29 174 -279 0
-64 34 -280 0
-64 104 -281 0
-64 139 -282 0
-64 174 -283 0
-99 34 -284 0
-99 69 -285 0
-99 139 -286 0
-99 174 -287 0
-134 34 -288 0
-134 69 -289 0
-134 104 -290 0
-134 174 -291 0
-169 34 -292 0
-169 69 -293 0
-169 104 -294 0
-169 139 -295 0
-30 70 -276 0
-30 105 -277 0
-30 140 -278 0
-30 175 -279 0
-65 35 -280 0
-65 105 -281 0
-65 140 -282 0
-65 175 -283 0
-100 35 -284 0
-100 70 -285 0
-100 140 -286 0
-100 175 -287 0
-135 35 -288 0
-135 70 -289 0
-135 105 -290 0
-135 175 -291 0
-170 35 -292 0
-170 70 -293 0
-170 105 -294 0
-170 140 -295 0
176 196 216 236 256 276 0
177 197 217 237 257 277 0
178 198 218 238 258 278 0
179 199 219 239 259 279 0
180 200 220 240 260 280 0
181 201 221 241 261 281 0
182 202 222 242 262 282 0
183 203 223 243 263 283 0
184 204 224 244 264 284 0
185 205 225 245 265 285 0
186 206 226 246 266 286 0
187 207 227 247 267 287 0
188 208 228 248 268 288 0
189 209 229 249 269 289 0
190 210 230 250 270 290 0
191 211 231 251 271 291 0
192 212 232 252 272 292 0
193 213 233 253 273 293 0
194 214 234 254 274 294 0
195 215 235 255 275 295 0
